2 0.7773680124223601 0.4399585921325052 0.11063664596273298 0.3457556935817806
1 0.3755822981366459 0.18737060041407866 0.1129658385093168 0.2877846790890269
1 0.3773291925465838 0.4451345755693582 0.10714285714285708 0.19047619047619052
1 0.47049689440993786 0.49792960662525876 0.06288819875776397 0.11387163561076605
1 0.5106754658385093 0.2267080745341615 0.13858695652173914 0.24637681159420288
1 0.6341226708074533 0.14596273291925466 0.08734472049689429 0.19254658385093168
1 0.640527950310559 0.3954451345755694 0.11413043478260868 0.2815734989648034
1 0.5392080745341614 0.43478260869565216 0.060559006211180134 0.13250517598343692
1 0.4821428571428571 0.3975155279503106 0.03493788819875775 0.07039337474120082
4 0.5479425465838509 0.8416149068322981 0.2760093167701863 0.28364389233954457
0 0.8612198594964683 0.7846790890269147 0.23641487427243987 0.4140786749482398
3 0.4646624705798594 0.7639751552795028 0.5357371706415237 0.3602484472049698
0 0.11587732919254658 0.681159420289855 0.13625776397515527 0.2981366459627329
