1 0.7037914691943128 0.35703001579778826 0.14691943127962098 0.3222748815165876
1 0.830568720379147 0.24170616113744076 0.07109004739336498 0.12006319115323859
1 0.8975118483412322 0.23380726698262244 0.0556872037914691 0.08530805687203792
1 0.82760663507109 0.33570300157977884 0.08412322274881533 0.05213270142180093
1 0.8998815165876778 0.32148499210110587 0.058056872037914785 0.08372827804107423
2 0.5035545023696683 0.5568720379146919 0.07109004739336498 0.11532385466034761
2 0.5509478672985781 0.5039494470774091 0.10900473933649288 0.10742496050552916
3 0.3625592417061611 0.6856240126382306 0.3151658767772512 0.2685624012638232
3 0.7582938388625593 0.6927330173775671 0.4360189573459715 0.26698262243285936
4 0.6018957345971564 0.7764612954186413 0.2962085308056872 0.2069510268562401
